2.861654857701696031e+00
2.177489759437075012e+00
2.454117573222267090e+00
4.080270861235858249e+00
2.996536474170124364e+00
3.118526150788314411e+00
2.327351017274081002e+00
3.496154067425145673e+00
2.328978938494088879e+00
2.257922795841976082e+00
2.288063133689397510e+00
3.367004708250621814e+00
3.939966744291948153e+00
3.570776555924133788e+00
3.645224128892746052e+00
3.445133693355382221e+00
3.796811726753938299e+00
2.782143976399560792e+00
3.422446546353419272e+00
3.613811078384586040e+00
2.661083517164768431e+00
3.259714976748524506e+00
2.306410642786106635e+00
4.039225423239833468e+00
4.175345524387873652e+00
2.622599135476098908e+00
3.324443624265908337e+00
2.318293668385822404e+00
3.842712201595731791e+00
3.702564966127660284e+00
4.393070188729233827e+00
2.761889865679827416e+00
2.322063389340092154e+00
2.870697976731984458e+00
3.867969006349424976e+00
3.059393218037105733e+00
3.792558274749680880e+00
2.948021257283431673e+00
4.200985489370437698e+00
3.294215700662874724e+00
3.275993344673320262e+00
2.079177780082973825e+00
2.497016426140978851e+00
3.933256715891435995e+00
2.956162344775764783e+00
4.079306537212049832e+00
3.278712049396227179e+00
3.952603142163061634e+00
2.679814572058105249e+00
2.928122886612580800e+00
2.948986934396891968e+00
2.488531783265477415e+00
3.762433694860292999e+00
2.840866342218864915e+00
2.968220951779494854e+00
2.739520211913673897e+00
3.129076051806853442e+00
4.269422716620782765e+00
2.890347255246759062e+00
2.961636261736966258e+00
4.103679303928346123e+00
3.070557872397547072e+00
2.441939706648681430e+00
2.708609568753552743e+00
3.569718245331852557e+00
2.765967351206844782e+00
4.279301046842734380e+00
3.405085742254679637e+00
3.547386267773264379e+00
3.561617875669630173e+00
2.361175561519755828e+00
3.765481367453861417e+00
3.759750446241781230e+00
2.878555341644946530e+00
2.345289791011968994e+00
3.055003701134384464e+00
2.198627056402103541e+00
2.809434543549929941e+00
4.050008100729783678e+00
3.860731142654172388e+00
4.338008025471858708e+00
4.176316306570244663e+00
2.832836288487033727e+00
4.257402794660242407e+00
3.039459462404961787e+00
3.479500821743548578e+00
3.676255014185867864e+00
3.189293963080240601e+00
3.121658530588877767e+00
2.423279229533433998e+00
4.224636900987896126e+00
3.125506699780403075e+00
2.799676445211290776e+00
2.797303152237580637e+00
4.156553981757726390e+00
2.522749629301081598e+00
3.754769948869236096e+00
2.891514304798409540e+00
2.509275143314649625e+00
2.574096676480856605e+00
2.223635821911901012e+00
3.045261310127815868e+00
4.096237229162082549e+00
3.153142663054550709e+00
3.167081099809470501e+00
2.706003998620437834e+00
2.318905874529058941e+00
4.087398350015043036e+00
2.479074123382117634e+00
2.280601788933200869e+00
2.463368773717440341e+00
2.937936633417880028e+00
3.709443379354231851e+00
4.198257050184290406e+00
3.864472489704154690e+00
2.333919566885573893e+00
4.169386966293855856e+00
2.658226727734388728e+00
3.512931212697973482e+00
3.342328584731037111e+00
2.534762958173993219e+00
2.839761899073749873e+00
2.857365274945230293e+00
2.549618266770915298e+00
3.438970905706304038e+00
2.974558344714508529e+00
2.927420199192726891e+00
4.165836569885883911e+00
2.390697645640773139e+00
2.422302464388418564e+00
3.932389488525624976e+00
3.335792269663338416e+00
2.747640074309394720e+00
2.775505269847522438e+00
3.795998724574903616e+00
3.810979041330812667e+00
3.648691595737476590e+00
2.010067980562018519e+00
3.245622319700045111e+00
3.652630297227861700e+00
2.096839049346288064e+00
2.549923163647815905e+00
2.361262801301717396e+00
3.401357446958741093e+00
3.726672328589565097e+00
3.549755848506130462e+00
3.751686167650038151e+00
2.915643142685073741e+00
3.034652175088323744e+00
3.311525347985321943e+00
3.017636205252265391e+00
2.239274191594439856e+00
3.850006465988188076e+00
3.640498511750343891e+00
2.498497939064566520e+00
3.642280746647675649e+00
2.541838217306684911e+00
2.220508835378969703e+00
3.150971127736814204e+00
2.509047887818205425e+00
3.582100218518098345e+00
3.419121173568765215e+00
2.218411151334354514e+00
2.441559256443563086e+00
2.054840972547412825e+00
3.003244436371908854e+00
3.088199644730730498e+00
3.496909678090222684e+00
3.969078793835934871e+00
3.274948570759599775e+00
2.749195842245224952e+00
2.488027003464806874e+00
2.929518118706768703e+00
2.539976351624653184e+00
3.115108388931032479e+00
3.191542049788727464e+00
4.241785055039554386e+00
2.088943196811169578e+00
3.034031373002083587e+00
4.031676466578025142e+00
3.466898918154408982e+00
2.120627891311348101e+00
3.604977096346892118e+00
4.275774604448169036e+00
3.811726313770015473e+00
4.000321729179108665e+00
3.931286169119324825e+00
4.108603625751275246e+00
3.560438194363466646e+00
4.024493973501916955e+00
2.392247910362063301e+00
3.291842913247125857e+00
2.888188834452448894e+00
2.856205711879545639e+00
2.615984073181101266e+00
3.979984787481746444e+00
2.758947253336545558e+00
2.231244581187981080e+00
2.133032250034013977e+00
4.164902847360771432e+00
2.247715909127393275e+00
3.358754456899844421e+00
2.768788646555579547e+00
4.022503636535329719e+00
3.707891081249832244e+00
4.130863602375596244e+00
2.017038934768662806e+00
3.614350072011387027e+00
2.028199012752290198e+00
3.054790037647805878e+00
4.243756213205983840e+00
2.480758488179447774e+00
2.578027387389458802e+00
2.609163153700083448e+00
4.061309028516743247e+00
2.101611738763342618e+00
4.125478282669099883e+00
3.555900694674537732e+00
2.598542983949577057e+00
2.907712925812983684e+00
2.867554229361046758e+00
2.464783238340246818e+00
2.363629545213903782e+00
3.628816579771712014e+00
4.122845999111294901e+00
4.110944923279052254e+00
2.859608043564977109e+00
3.397646261935319600e+00
3.036033727513637537e+00
3.117246857421345663e+00
2.634906759659406017e+00
3.794784435026074654e+00
3.145697785484236508e+00
4.095001575916482395e+00
2.633373194091104708e+00
4.108170308747020272e+00
4.037066196687651320e+00
2.917970124788374697e+00
4.229324899522088899e+00
3.728228185253360749e+00
2.950880730275960317e+00
4.261175950153939240e+00
3.704278189498279694e+00
4.163784317390052614e+00
2.217871499436228078e+00
2.102584080405963007e+00
2.637533206218446225e+00
4.128007065804147224e+00
2.586739447187170526e+00
4.237786920084852582e+00
2.115482204144053746e+00
3.614576047985841534e+00
2.548612721409041271e+00
2.739925880405979619e+00
3.803402748705137171e+00
4.075728550282605944e+00
3.489410752584704234e+00
2.847670976605773507e+00
2.701189894304252714e+00
2.767540951425499607e+00
4.221416694398949510e+00
3.220582729632652352e+00
4.023981283498652139e+00
2.711077139218587284e+00
4.171461462032914014e+00
2.883397933444716177e+00
4.356487544972189596e+00
2.282050529241804959e+00
2.531387570409929566e+00
3.364899427995085013e+00
2.247273298776679695e+00
3.692152072165626908e+00
3.176044790214706648e+00
2.629580737685269121e+00
2.318424514704404249e+00
2.113892598408386725e+00
2.847827314255742870e+00
2.338948749192214294e+00
2.440447381328064935e+00
3.289701127242830481e+00
2.844438389824930802e+00
3.496232099809769345e+00
2.858635045350281345e+00
3.402247234412206112e+00
3.649647274737273683e+00
4.297674305510608583e+00
2.644914746663061589e+00
2.022389609118208753e+00
2.110160177817390625e+00
3.378029464256349534e+00
3.213706080597117598e+00
2.970315666234864871e+00
2.263243948338193867e+00
4.183142155155366027e+00
4.392097496285854774e+00
2.256160567011811224e+00
3.764098864005557488e+00
4.214098865365963675e+00
3.529540379669667161e+00
3.888272446248729253e+00
2.733377299526996040e+00
2.150725422402540943e+00
3.859503913675998987e+00
3.646239497689849784e+00
3.687003769705645695e+00
3.603091581117941367e+00
2.647743190936770574e+00
3.537957811082714343e+00
4.068852918168714083e+00
4.106292933449846139e+00
3.388673758403491831e+00
2.512784647678734551e+00
3.783671473808957408e+00
4.254567299854887352e+00
2.898486049712770019e+00
3.483998427551967758e+00
2.658598213613923456e+00
3.985336178630919157e+00
2.855357969933473239e+00
2.367999132912316895e+00
4.219244009883864166e+00
4.281847119652963940e+00
4.221626098827354845e+00
2.379895964479413095e+00
3.321163534777260118e+00
4.152741887127008091e+00
3.928812765985645328e+00
2.425949427073699205e+00
3.954350484709362235e+00
3.327151543847724824e+00
2.290522708742374292e+00
3.621868733070773949e+00
3.100716091452675904e+00
2.304220824742916562e+00
3.121638512500787943e+00
2.393361365052662393e+00
3.580661828651875211e+00
2.882330039703010272e+00
3.095752893327186950e+00
3.057369029141566941e+00
2.829962563376891005e+00
3.599973607570138512e+00
3.586294137247531211e+00
3.412463646231016945e+00
2.545653548370962138e+00
2.683640619284648920e+00
3.161664123537459403e+00
